[1, 8, 13, 21, 31, 32, 34, 55, 56, 68, 70, 73, 77, 81, 82, 92, 101, 107, 116, 132, 138, 150, 156, 159, 171, 182, 196, 197, 220]
[0, 10, 42, 46, 62, 66, 112, 120, 128, 129, 131, 135, 144, 164, 177, 183, 185, 187, 189, 194, 218]
[13, 14, 30, 41, 42, 44, 47, 55, 60, 64, 75, 82, 90, 91, 92, 97, 110, 111, 116, 119, 127, 132, 150, 153, 163, 166, 167, 168, 169, 171, 174, 182, 183, 192, 199, 217, 222]
[1, 15, 25, 36, 49, 52, 56, 64, 68, 70, 74, 76, 77, 98, 103, 113, 135, 138, 141, 156, 163, 171, 175, 178, 184, 185, 196, 197, 209, 210, 217]
[2, 19, 27, 30, 31, 37, 49, 70, 97, 98, 103, 121, 129, 130, 136, 141, 169, 180, 199]
[2, 18, 28, 30, 31, 34, 38, 47, 57, 63, 67, 77, 87, 96, 103, 106, 110, 115, 123, 130, 130, 137, 144, 149, 153, 154, 163, 168, 176, 178, 191, 192, 200, 216, 221]
[16, 34, 40, 53, 62, 65, 71, 71, 75, 76, 79, 84, 93, 94, 96, 105, 107, 113, 126, 127, 128, 134, 137, 145, 146, 149, 151, 162, 165, 172, 173, 177, 183, 184, 190, 193, 211, 212, 215, 219, 223]
[17, 24, 38, 47, 48, 54, 57, 66, 67, 78, 81, 85, 95, 104, 109, 134, 142, 146, 148, 155, 162, 179, 185, 191, 198, 208, 215, 216, 219]
[4, 8, 9, 11, 12, 22, 41, 43, 50, 51, 61, 66, 69, 72, 73, 74, 77, 90, 98, 100, 101, 117, 124, 132, 139, 140, 150, 152, 157, 174, 182, 186, 191, 203, 204, 208, 214]
[25, 39, 56, 59, 74, 103]
[10, 14, 27, 34, 45, 53, 58, 59, 66, 86, 93, 112, 115, 124, 129, 180, 181, 200, 222]
[53, 62, 71, 75, 79, 84, 94, 96, 127, 134, 145, 149, 162, 173, 177, 183, 211, 212, 223]
[18, 28, 34, 38, 47, 57, 63, 67, 110, 130, 144, 153, 154, 191, 200, 216]
[2, 30, 31, 87, 96, 103, 106, 115, 130, 149, 163, 178, 192]
