1, 13, 21, 32, 55, 82, 92, 101, 116, 132, 138, 150, 159, 171, 196
5, 10, 24, 36, 45, 46, 62, 63, 66, 67, 69, 81, 94, 104, 112, 131, 133, 143, 146, 147, 185, 194
44, 75, 91, 97, 111, 127, 167, 
15, 25, 49, 52, 56, 64, 68, 69, 70, 74, 77, 102, 103, 135, 156, 164, 170, 173, 175, 184, 197, 207, 209, 217,
19, 27, 31, 37, 59, 98, 129, 136, 140, 141, 158, 169, 180, 199, 205, 208, 
2, 18, 28, 34, 38, 47, 50, 57, 87, 110, 115, 130, 144, 153, 154, 178, 191, 192, 
40, 65, 71, 76, 79, 113, 126, 128, 151, 165, 190, 215, 223, 
48, 78, 109, 134, 142, 148, 198, 219, 
3, 8, 9, 11, 12, 20, 22, 23, 26, 29, 33, 35, 41, 43, 51, 53, 61, 73, 80, 84, 90, 108, 117, 123, 124, 139, 152, 157, 166, 174, 182, 186, 202, 203, 206, 214, 222, 
17, 54, 95, 99, 100, 107, 114, 121, 145, 155, 162, 172, 179, 213
42, 60, 86, 168, 176, 
